기간	지역	유치원	유치원	유치원	초등학교	초등학교	초등학교	중학교	중학교	중학교	고등학교	고등학교	고등학교
기간	지역	원아수	학급현황	학급현황	학생수	학급현황	학급현황	학생수	학급현황	학급현황	학생수	학급현황	학급현황
기간	지역	원아수	학급수	학급당원아수	학생수	학급수	학급당학생수	학생수	학급수	학급당학생수	학생수	학급수	학급당학생수
2010	합계	78,789	3,632	21.7	566,149	20,351	27.8	345,413	10,201	33.9	362,466	10,551	34.4
2010	종로구	1,152	53	21.7	8,266	324	25.5	5,297	170	31.2	14,590	442	33
2010	중구	1,114	52	21.4	7,417	283	26.2	4,101	143	28.7	10,918	339	32.2
2010	용산구	1,746	74	23.6	10,501	406	25.9	6,060	193	31.4	9,616	303	31.7
2010	성동구	2,402	112	21.4	17,202	646	26.6	8,980	285	31.5	7,203	228	31.6
2010	광진구	3,039	147	20.7	20,720	733	28.3	12,838	375	34.2	13,365	362	36.9
2010	동대문구	2,996	142	21.1	18,771	717	26.2	12,066	367	32.9	10,933	329	33.2
2010	중랑구	2,977	140	21.3	22,540	834	27	13,239	402	32.9	11,412	342	33.4
2010	성북구	4,773	217	22	27,639	998	27.7	14,109	426	33.1	14,606	431	33.9
2010	강북구	1,888	92	20.5	16,192	578	28	10,881	328	33.2	7,085	199	35.6
2010	도봉구	2,845	132	21.6	23,697	870	27.2	13,075	386	33.9	11,446	337	34
2010	노원구	7,395	332	22.3	41,767	1,464	28.5	27,229	774	35.2	32,951	961	34.3
2010	은평구	3,630	168	21.6	28,892	1,032	28	16,372	488	33.5	17,364	521	33.3
2010	서대문구	2,289	109	21	17,833	651	27.4	10,814	328	33	7,623	217	35.1
2010	마포구	2,924	137	21.3	19,851	741	26.8	10,754	336	32	8,289	242	34.3
2010	양천구	4,348	206	21.1	32,170	1,108	29	26,145	696	37.6	19,712	533	37
2010	강서구	4,855	222	21.9	34,373	1,211	28.4	16,142	488	33.1	25,533	742	34.4
2010	구로구	2,816	124	22.7	23,065	845	27.3	12,890	391	33	12,764	398	32.1
2010	금천구	1,500	70	21.4	13,561	515	26.3	8,299	257	32.3	7,111	217	32.8
2010	영등포구	3,402	153	22.2	20,082	766	26.2	11,184	344	32.5	10,509	315	33.4
2010	동작구	2,785	138	20.2	21,065	739	28.5	12,198	373	32.7	9,485	271	35
2010	관악구	4,284	189	22.7	24,037	849	28.3	13,404	405	33.1	14,571	458	31.8
2010	서초구	2,269	101	22.5	22,564	732	30.8	14,831	414	35.8	15,334	419	36.6
2010	강남구	2,735	134	20.4	26,751	931	28.7	21,421	592	36.2	27,707	752	36.8
2010	송파구	4,583	211	21.7	39,897	1,401	28.5	26,746	760	35.2	25,278	706	35.8
2010	강동구	4,042	177	22.8	27,296	977	27.9	16,338	480	34	17,061	487	35
2011	합계	81,237	3,725	21.8	535,948	19,993	26.8	330,219	10,056	32.8	353,632	10,535	33.6
2011	종로구	1,179	56	21.1	7,714	315	24.5	5,086	168	30.3	14,380	444	32.4
2011	중구	1,149	54	21.3	6,948	275	25.3	3,845	140	27.5	10,447	333	31.4
2011	용산구	1,723	73	23.6	9,925	400	24.8	5,776	190	30.4	8,895	292	30.5
2011	성동구	2,484	112	22.2	16,002	625	25.6	8,423	276	30.5	7,453	243	30.7
2011	광진구	3,019	144	21	19,073	718	26.6	12,299	367	33.5	12,629	352	35.9
2011	동대문구	3,025	146	20.7	17,687	692	25.6	11,368	355	32	10,504	323	32.5
2011	중랑구	2,962	141	21	20,781	806	25.8	12,357	389	31.8	11,019	338	32.6
2011	성북구	5,068	231	21.9	27,079	994	27.2	13,772	422	32.6	13,720	419	32.7
2011	강북구	1,935	89	21.7	15,204	564	27	10,442	317	32.9	7,352	218	33.7
2011	도봉구	2,900	136	21.3	22,127	838	26.4	12,321	378	32.6	10,960	329	33.3
2011	노원구	7,600	345	22	39,278	1,439	27.3	26,047	763	34.1	32,513	956	34
2011	은평구	3,803	174	21.9	28,268	1,054	26.8	16,117	496	32.5	17,581	554	31.7
2011	서대문구	2,354	111	21.2	16,444	626	26.3	9,867	315	31.3	6,960	210	33.1
2011	마포구	3,231	145	22.3	19,473	760	25.6	10,413	335	31.1	7,957	240	33.2
2011	양천구	4,463	208	21.5	30,095	1,082	27.8	25,157	706	35.6	19,280	531	36.3
2011	강서구	4,819	220	21.9	32,454	1,192	27.2	15,415	478	32.2	24,655	738	33.4
2011	구로구	2,980	134	22.2	21,792	835	26.1	12,109	385	31.5	12,999	401	32.4
2011	금천구	1,635	78	21	12,232	487	25.1	7,717	247	31.2	6,876	215	32
2011	영등포구	3,508	160	21.9	18,766	733	25.6	10,496	335	31.3	10,086	306	33
2011	동작구	2,771	136	20.4	19,865	719	27.6	11,635	367	31.7	9,265	270	34.3
2011	관악구	4,294	193	22.2	22,334	811	27.5	12,859	402	32	13,961	456	30.6
2011	서초구	2,320	102	22.7	22,320	747	29.9	14,781	419	35.3	15,211	416	36.6
2011	강남구	2,909	136	21.4	25,487	915	27.9	20,763	585	35.5	27,356	743	36.8
2011	송파구	4,971	227	21.9	38,315	1,379	27.8	25,360	745	34	24,780	710	34.9
2011	강동구	4,135	174	23.8	26,285	987	26.6	15,794	476	33.2	16,793	498	33.7
2012	합계	87,997	3,639	24.2	502,000	19,648	25.5	315,241	9,848	32	344,391	10,509	32.8
2012	종로구	1,246	55	22.7	7,140	310	23	4,878	166	29.4	13,853	438	31.6
2012	중구	1,240	51	24.3	6,512	273	23.9	3,513	135	26	9,914	329	30.1
2012	용산구	1,754	71	24.7	9,423	392	24	5,803	188	30.9	8,220	285	28.8
2012	성동구	2,711	100	27.1	14,734	613	24	8,014	268	29.9	7,492	250	30
2012	광진구	3,219	128	25.1	17,675	691	25.6	11,745	360	32.6	12,446	345	36.1
2012	동대문구	3,100	142	21.8	16,516	676	24.4	10,655	342	31.2	10,215	321	31.8
2012	중랑구	3,141	130	24.2	19,027	775	24.6	11,597	377	30.8	10,639	336	31.7
2012	성북구	5,486	233	23.5	25,802	990	26.1	13,616	429	31.7	13,084	409	32
2012	강북구	2,076	85	24.4	14,066	546	25.8	9,900	306	32.4	7,437	229	32.5
2012	도봉구	3,151	126	25	20,400	812	25.1	11,590	360	32.2	10,473	324	32.3
2012	노원구	7,863	324	24.3	36,610	1,414	25.9	24,927	748	33.3	31,819	957	33.2
2012	은평구	4,642	200	23.2	26,813	1,062	25.2	15,724	484	32.5	17,702	565	31.3
2012	서대문구	2,512	105	23.9	15,137	607	24.9	9,162	306	29.9	6,635	206	32.2
2012	마포구	3,425	135	25.4	18,520	738	25.1	10,199	327	31.2	7,771	238	32.7
2012	양천구	4,960	203	24.4	28,427	1,080	26.3	24,196	709	34.1	18,780	529	35.5
2012	강서구	5,358	217	24.7	30,405	1,162	26.2	14,587	463	31.5	23,977	737	32.5
2012	구로구	3,320	138	24.1	20,997	837	25.1	11,596	371	31.3	12,954	392	33
2012	금천구	1,849	87	21.3	11,257	467	24.1	7,174	234	30.7	6,656	213	31.2
2012	영등포구	3,670	161	22.8	17,233	719	24	9,802	323	30.3	9,673	302	32
2012	동작구	3,246	141	23	18,676	721	25.9	11,056	356	31.1	9,033	267	33.8
2012	관악구	4,587	185	24.8	20,703	797	26	12,143	379	32	13,694	464	29.5
2012	서초구	2,442	94	26	21,727	765	28.4	14,359	428	33.5	14,712	412	35.7
2012	강남구	3,152	136	23.2	23,670	895	26.4	19,759	583	33.9	26,526	738	35.9
2012	송파구	5,560	229	24.3	35,933	1,342	26.8	24,124	730	33	24,326	717	33.9
2012	강동구	4,287	163	26.3	24,597	964	25.5	15,122	476	31.8	16,360	506	32.3
2013	합계	92,400	3,829	24.1	469,392	19,149	24.5	304,251	9,694	31.4	334,123	10,483	31.9
2013	종로구	1,263	56	22.6	6,561	304	21.6	4,700	163	28.8	13,538	434	31.2
2013	중구	1,289	55	23.4	6,066	268	22.6	3,266	128	25.5	9,600	327	29.4
2013	용산구	1,772	72	24.6	8,763	389	22.5	5,579	182	30.7	8,029	281	28.6
2013	성동구	2,623	100	26.2	13,713	588	23.3	7,710	263	29.3	7,290	249	29.3
2013	광진구	3,346	132	25.3	16,482	674	24.5	11,340	352	32.2	12,064	342	35.3
2013	동대문구	3,371	145	23.2	15,439	662	23.3	10,166	338	30.1	9,956	325	30.6
2013	중랑구	3,275	139	23.6	17,369	740	23.5	11,057	362	30.5	10,353	337	30.7
2013	성북구	5,875	242	24.3	24,544	972	25.3	13,366	430	31.1	12,291	400	30.7
2013	강북구	2,172	83	26.2	13,005	521	25	9,543	294	32.5	7,533	240	31.4
2013	도봉구	3,287	139	23.6	18,763	775	24.2	11,051	348	31.8	10,046	320	31.4
2013	노원구	8,163	344	23.7	33,518	1,348	24.9	24,160	736	32.8	31,184	955	32.7
2013	은평구	4,896	218	22.5	25,395	1,036	24.5	15,408	475	32.4	17,349	567	30.6
2013	서대문구	2,524	108	23.4	14,444	600	24.1	8,948	312	28.7	6,808	213	32
2013	마포구	3,217	129	24.9	17,375	719	24.2	9,906	321	30.9	7,476	236	31.7
2013	양천구	5,374	214	25.1	26,349	1,055	25	23,105	694	33.3	18,138	524	34.6
2013	강서구	5,462	221	24.7	28,241	1,143	24.7	14,217	452	31.5	22,955	731	31.4
2013	구로구	3,462	143	24.2	19,788	817	24.2	11,235	378	29.7	12,579	390	32.3
2013	금천구	2,055	89	23.1	10,406	456	22.8	6,732	233	28.9	6,588	213	30.9
2013	영등포구	3,841	153	25.1	15,941	695	22.9	9,247	306	30.2	9,299	301	30.9
2013	동작구	3,365	145	23.2	18,171	724	25.1	10,846	350	31	8,549	266	32.1
2013	관악구	4,608	188	24.5	19,157	774	24.8	11,457	365	31.4	13,578	465	29.2
2013	서초구	2,679	112	23.9	21,579	790	27.3	14,149	423	33.4	14,199	412	34.5
2013	강남구	3,800	169	22.5	22,280	879	25.3	19,048	585	32.6	25,600	734	34.9
2013	송파구	5,822	235	24.8	33,307	1,292	25.8	23,360	725	32.2	23,372	710	32.9
2013	강동구	4,859	198	24.5	22,736	928	24.5	14,655	479	30.6	15,749	511	30.8
2014	합계	91,195	4,170	21.9	457,517	18,854	24.3	286,826	9,497	30.2	320,398	10,355	30.9
2014	종로구	1,274	58	22	6,233	294	21.2	4,400	159	27.7	13,069	426	30.7
2014	중구	1,193	68	17.5	5,854	254	23	2,960	124	23.9	9,177	326	28.2
2014	용산구	1,761	79	22.3	8,529	375	22.7	5,310	185	28.7	7,737	278	27.8
2014	성동구	2,623	108	24.3	13,174	581	22.7	7,186	252	28.5	6,791	241	28.2
2014	광진구	3,251	135	24.1	16,086	664	24.2	10,378	339	30.6	11,550	335	34.5
2014	동대문구	3,368	165	20.4	15,110	637	23.7	9,556	329	29	9,708	328	29.6
2014	중랑구	3,231	149	21.7	16,801	728	23.1	10,220	348	29.4	9,658	330	29.3
2014	성북구	5,630	244	23.1	23,948	965	24.8	12,806	425	30.1	11,855	397	29.9
2014	강북구	2,182	97	22.5	12,402	506	24.5	8,952	282	31.7	7,199	238	30.2
2014	도봉구	3,097	152	20.4	18,014	756	23.8	10,392	342	30.4	9,437	318	29.7
2014	노원구	7,733	365	21.2	31,890	1,322	24.1	22,835	720	31.7	29,911	943	31.7
2014	은평구	4,549	249	18.3	24,688	1,022	24.2	14,567	467	31.2	16,934	558	30.3
2014	서대문구	2,563	120	21.4	13,645	572	23.9	8,566	306	28	6,741	217	31.1
2014	마포구	3,183	139	22.9	17,050	716	23.8	9,554	316	30.2	7,119	230	31
2014	양천구	5,264	236	22.3	25,446	1,024	24.8	21,709	675	32.2	17,404	521	33.4
2014	강서구	5,131	239	21.5	27,387	1,126	24.3	13,536	446	30.3	21,782	721	30.2
2014	구로구	3,614	160	22.6	19,562	811	24.1	10,779	366	29.5	12,059	385	31.3
2014	금천구	1,946	93	20.9	9,912	439	22.6	6,147	215	28.6	6,252	210	29.8
2014	영등포구	3,932	167	23.5	15,499	686	22.6	8,518	287	29.7	8,822	294	30
2014	동작구	3,693	178	20.7	17,916	705	25.4	10,275	344	29.9	8,147	262	31.1
2014	관악구	4,413	210	21	18,364	762	24.1	10,684	359	29.8	13,148	466	28.2
2014	서초구	2,652	111	23.9	22,144	816	27.1	13,557	429	31.6	13,893	411	33.8
2014	강남구	4,042	181	22.3	22,665	885	25.6	18,038	593	30.4	24,949	726	34.4
2014	송파구	6,063	255	23.8	33,028	1,303	25.3	22,299	721	30.9	22,114	695	31.8
2014	강동구	4,807	212	22.7	22,170	905	24.5	13,602	468	29.1	14,942	499	29.9
2015	합계	91,394	4,275	21.4	450,675	18,780	24	263,466	9,249	28.5	308,306	10,233	30.1
2015	종로구	1,238	59	21	6,084	288	21.1	3,935	149	26.4	12,653	419	30.2
2015	중구	1,204	68	17.7	5,739	247	23.2	2,663	119	22.4	8,933	325	27.5
2015	용산구	1,753	79	22.2	8,210	369	22.3	4,799	183	26.2	7,580	275	27.6
2015	성동구	2,548	111	23	12,641	569	22.2	6,442	242	26.6	6,428	234	27.5
2015	광진구	3,199	136	23.5	15,760	663	23.8	9,403	322	29.2	10,936	329	33.2
2015	동대문구	3,437	166	20.7	14,916	629	23.7	8,712	317	27.5	9,667	328	29.5
2015	중랑구	3,325	156	21.3	16,472	718	22.9	9,099	330	27.6	9,137	324	28.2
2015	성북구	5,440	245	22.2	23,306	949	24.6	11,732	405	29	11,324	393	28.8
2015	강북구	2,103	94	22.4	11,879	491	24.2	8,209	273	30.1	6,837	234	29.2
2015	도봉구	3,035	153	19.8	17,408	749	23.2	9,390	329	28.5	8,866	318	27.9
2015	노원구	7,364	365	20.2	31,048	1,301	23.9	20,968	702	29.9	28,766	927	31
2015	은평구	4,600	245	18.8	23,918	984	24.3	13,364	463	28.9	16,255	549	29.6
2015	서대문구	2,571	122	21.1	13,171	563	23.4	7,938	301	26.4	6,571	220	29.9
2015	마포구	3,132	142	22.1	17,117	720	23.8	8,923	310	28.8	6,942	227	30.6
2015	양천구	5,168	247	20.9	25,237	1,024	24.7	19,798	654	30.3	17,079	516	33.1
2015	강서구	5,643	271	20.8	27,960	1,177	23.8	12,962	456	28.4	20,685	708	29.2
2015	구로구	3,568	162	22	19,363	814	23.8	9,992	365	27.4	11,748	387	30.4
2015	금천구	1,763	93	19	9,610	430	22.4	5,557	214	26	5,952	204	29.2
2015	영등포구	4,013	176	22.8	15,078	676	22.3	7,707	274	28.1	8,366	291	28.8
2015	동작구	3,706	179	20.7	17,474	698	25	9,593	335	28.6	7,810	259	30.2
2015	관악구	4,549	209	21.8	17,747	744	23.9	9,720	352	27.6	12,490	457	27.3
2015	서초구	3,097	132	23.5	22,817	839	27.2	12,793	427	30	13,508	413	32.7
2015	강남구	4,213	187	22.5	24,007	948	25.3	17,025	583	29.2	24,565	724	33.9
2015	송파구	6,027	269	22.4	32,093	1,293	24.8	20,261	691	29.3	20,878	679	30.8
2015	강동구	4,698	209	22.5	21,620	897	24.1	12,481	453	27.6	14,330	493	29.1
2016	합계	91,026	4,319	21.1	436,121	18,621	23.4	239,912	9,028	26.6	299,556	10,096	29.7
2016	종로구	1,330	65	20.5	5,686	268	21.2	3,453	141	24.5	12,131	410	29.6
2016	중구	1,176	70	16.8	5,474	244	22.4	2,281	116	19.7	8,163	299	27.3
2016	용산구	1,779	79	22.5	7,923	366	21.6	4,270	177	24.1	7,475	274	27.3
2016	성동구	2,584	117	22.1	12,352	577	21.4	5,709	232	24.6	6,256	231	27.1
2016	광진구	3,174	135	23.5	15,327	655	23.4	8,440	310	27.2	10,388	321	32.4
2016	동대문구	3,388	163	20.8	14,212	615	23.1	7,792	306	25.5	9,531	327	29.1
2016	중랑구	3,366	162	20.8	15,779	699	22.6	8,197	318	25.8	8,602	310	27.7
2016	성북구	5,243	244	21.5	22,467	926	24.3	10,873	397	27.4	11,639	411	28.3
2016	강북구	2,105	102	20.6	11,225	484	23.2	7,484	266	28.1	6,642	230	28.9
2016	도봉구	3,027	153	19.8	16,760	736	22.8	8,386	316	26.5	8,462	316	26.8
2016	노원구	7,255	355	20.4	29,482	1,277	23.1	18,932	685	27.6	27,893	911	30.6
2016	은평구	4,586	238	19.3	23,037	966	23.8	12,263	458	26.8	15,992	541	29.6
2016	서대문구	2,748	128	21.5	13,331	602	22.1	7,298	301	24.2	6,458	219	29.5
2016	마포구	3,085	144	21.4	16,361	711	23	8,376	311	26.9	6,993	228	30.7
2016	양천구	5,177	253	20.5	24,825	1,020	24.3	18,073	640	28.2	16,683	510	32.7
2016	강서구	5,858	293	20	27,048	1,168	23.2	12,200	455	26.8	19,864	696	28.5
2016	구로구	3,482	161	21.6	19,143	818	23.4	9,058	353	25.7	11,542	389	29.7
2016	금천구	1,666	88	18.9	9,189	422	21.8	4,951	206	24	5,591	198	28.2
2016	영등포구	4,017	180	22.3	14,449	670	21.6	6,997	271	25.8	8,020	284	28.2
2016	동작구	3,684	184	20	16,887	685	24.7	8,826	326	27.1	7,625	256	29.8
2016	관악구	4,385	209	21	16,883	735	23	8,838	338	26.1	11,842	448	26.4
2016	서초구	3,044	131	23.2	22,595	853	26.5	12,004	425	28.2	13,278	411	32.3
2016	강남구	4,318	192	22.5	24,190	956	25.3	15,947	576	27.7	24,275	725	33.5
2016	송파구	6,073	271	22.4	31,048	1,302	23.8	18,155	672	27	20,274	669	30.3
2016	강동구	4,476	202	22.2	20,448	866	23.6	11,109	432	25.7	13,937	482	28.9
2017	합계	88,987	4,360	20.4	428,333	18,625	23	227,001	8,883	25.6	282,968	9,889	28.6
2017	종로구	1,320	65	20.3	5,561	276	20.1	3,168	136	23.3	11,029	380	29
2017	중구	1,172	73	16.1	5,283	247	21.4	2,107	116	18.2	7,866	295	26.7
2017	용산구	1,672	79	21.2	7,624	359	21.2	3,973	171	23.2	7,183	271	26.5
2017	성동구	2,638	119	22.2	12,047	581	20.7	5,474	230	23.8	6,336	244	26
2017	광진구	3,139	136	23.1	15,029	652	23.1	7,947	305	26.1	9,441	308	30.7
2017	동대문구	3,249	163	19.9	13,930	609	22.9	7,265	297	24.5	9,095	321	28.3
2017	중랑구	3,365	164	20.5	15,419	700	22	7,691	311	24.7	8,009	297	27
2017	성북구	5,094	248	20.5	21,897	907	24.1	10,368	398	26.1	10,411	374	27.8
2017	강북구	1,887	102	18.5	10,878	472	23	6,945	254	27.3	6,399	223	28.7
2017	도봉구	2,929	150	19.5	16,242	726	22.4	7,726	308	25.1	8,181	311	26.3
2017	노원구	6,867	357	19.2	28,364	1,245	22.8	17,781	673	26.4	26,024	887	29.3
2017	은평구	4,242	248	17.1	22,409	956	23.4	11,538	449	25.7	15,244	531	28.7
2017	서대문구	2,649	128	20.7	13,193	589	22.4	6,811	295	23.1	6,250	214	29.2
2017	마포구	2,975	145	20.5	15,850	700	22.6	7,959	309	25.8	6,908	229	30.2
2017	양천구	4,972	256	19.4	24,526	1,029	23.8	17,123	632	27.1	16,092	519	31
2017	강서구	6,084	297	20.5	26,594	1,180	22.5	11,713	459	25.5	18,907	682	27.7
2017	구로구	3,271	153	21.4	18,965	821	23.1	8,462	340	24.9	11,135	386	28.8
2017	금천구	1,767	96	18.4	9,030	446	20.2	4,638	199	23.3	5,102	191	26.7
2017	영등포구	3,883	180	21.6	13,905	675	20.6	6,526	266	24.5	7,371	274	26.9
2017	동작구	3,620	184	19.7	16,698	682	24.5	8,477	323	26.2	7,187	251	28.6
2017	관악구	4,147	207	20	16,227	724	22.4	8,143	324	25.1	11,162	432	25.8
2017	서초구	3,122	140	22.3	22,939	866	26.5	11,822	428	27.6	12,497	403	31
2017	강남구	4,156	184	22.6	24,371	970	25.1	15,574	563	27.7	23,019	742	31
2017	송파구	6,261	279	22.4	31,191	1,313	23.8	17,328	668	25.9	19,018	652	29.2
2017	강동구	4,506	207	21.8	20,161	900	22.4	10,442	429	24.3	13,102	472	27.8